-8331.1    0     -7815.4     1.000      0
-9000.9    0     -4839.3     1.452      0
-5983.4    0     -5790.8     0.733      0
-4808.3    0     -8717.3     6.266      0
-9023.9    0     -186.2      1.452      0
-3382.7    0     -3344.4     0.733      0
873.3      0     -8876.5     6.266      0
8948.7     0     -3110.6     4.723      1  
2862.8     0     2842.9      3.780      1
-762.8     0     9034.9      3.133      1
9072.9     0     5084.6      4.723      1  
6439.1     0     6462.3      3.780      1
4920.1     0     8684.0      3.133      1
8030.4     0     7885.9      1.000      1